660
ID_1	48.000000	8082.000000	-0.000000	0.000003	0.145868	0.513789
ID_2	48.000000	7643.000000	0.000004	0.000002	-0.441680	0.412477
ID_3	64.000000	7920.000000	0.000002	-0.000000	-0.231304	-0.003594
ID_4	64.000000	8837.000000	-0.000001	-0.000000	-0.183082	-0.078541
ID_5	96.000000	7690.000000	0.000001	0.000002	-0.035946	0.384413
ID_6	112.000000	8209.000000	-0.000001	-0.000001	0.073930	-0.189829
ID_7	160.000000	9480.000000	-0.000000	0.000002	-0.057257	0.337767
ID_8	160.000000	8818.000000	-0.000000	-0.000003	-0.050410	-0.468278
ID_9	160.000000	8305.000000	-0.000000	-0.000001	0.014550	-0.146976
ID_10	176.000000	8307.000000	-0.000004	0.000001	0.483013	0.052442
ID_11	192.000000	9665.000000	-0.000004	-0.000003	0.373527	-0.511381
ID_12	192.000000	9125.000000	-0.000004	0.000000	0.513104	-0.034704
ID_13	192.000000	9491.000000	0.000002	-0.000001	0.307530	-0.218522
ID_14	208.000000	9424.000000	-0.000001	0.000001	0.169221	0.098159
ID_15	208.000000	9230.000000	-0.000002	-0.000002	0.166911	-0.419930
ID_16	208.000000	8890.000000	-0.000003	-0.000002	0.321638	-0.414348
ID_17	240.000000	9071.000000	0.000002	-0.000003	0.304722	-0.446812
ID_18	256.000000	9107.000000	0.000001	0.000001	-0.056519	0.169518
ID_19	256.000000	9482.000000	0.000003	-0.000001	-0.386880	-0.026484
ID_20	272.000000	9139.000000	0.000002	0.000002	-0.141370	0.297097
ID_21	288.000000	9855.000000	0.000000	-0.000001	-0.068347	-0.180459
ID_22	288.000000	9179.000000	-0.000001	0.000001	0.098357	0.124306
ID_23	304.000000	9259.000000	-0.000000	0.000003	0.166550	0.497365
ID_24	304.000000	7772.000000	0.000004	-0.000003	0.574198	-0.412166
ID_25	320.000000	9296.000000	0.000005	-0.000000	0.783768	-0.025314
ID_26	336.000000	9317.000000	0.000003	0.000001	-0.336293	0.226683
ID_27	336.000000	8766.000000	-0.000002	-0.000001	0.242203	-0.245903
ID_28	336.000000	9132.000000	0.000002	0.000000	-0.265896	0.105881
ID_29	352.000000	9406.000000	-0.000001	-0.000001	-0.222761	-0.147318
ID_30	352.000000	8515.000000	-0.000000	-0.000001	0.001065	-0.190871
ID_31	368.000000	7840.000000	-0.000002	0.000001	0.316832	0.160679
ID_32	368.000000	7141.000000	0.000002	-0.000002	-0.241825	-0.193129
ID_33	384.000000	7873.000000	-0.000002	-0.000002	-0.292650	-0.301447
ID_34	384.000000	9086.000000	-0.000002	0.000003	0.304495	0.385401
ID_35	400.000000	8747.000000	0.000003	-0.000000	0.515292	-0.034579
ID_36	416.000000	8719.000000	0.000002	-0.000000	-0.227619	-0.011429
ID_37	448.000000	8944.000000	-0.000003	0.000001	0.414062	0.013384
ID_38	448.000000	9081.000000	0.000000	0.000001	-0.003100	0.102370
ID_39	464.000000	8388.000000	-0.000003	-0.000002	0.297858	-0.341644
ID_40	480.000000	8371.000000	-0.000001	-0.000001	-0.120219	-0.173435
ID_41	496.000000	8748.000000	-0.000003	-0.000001	0.265323	-0.233248
ID_42	512.000000	9389.000000	0.000002	0.000002	-0.102716	0.399447
ID_43	512.000000	9391.000000	0.000000	0.000002	0.025397	0.347544
ID_44	528.000000	7323.000000	-0.000003	0.000001	-0.421479	0.173112
ID_45	560.000000	8836.000000	0.000003	-0.000000	-0.341453	0.010625
ID_46	576.000000	9413.000000	0.000005	0.000001	-0.551120	0.356075
ID_47	640.000000	8280.000000	0.000001	-0.000002	-0.222492	-0.297621
ID_48	640.000000	8216.000000	-0.000003	0.000000	0.307374	-0.048295
ID_49	656.000000	8602.000000	0.000003	0.000000	0.542980	0.052457
ID_50	656.000000	8237.000000	0.000001	0.000000	0.097000	0.001240
ID_51	656.000000	7480.000000	-0.000002	0.000001	0.219284	0.154717
ID_52	672.000000	8131.000000	-0.000000	0.000002	-0.043249	0.379945
ID_53	688.000000	8217.000000	-0.000003	-0.000000	0.351752	-0.123219
ID_54	720.000000	8436.000000	-0.000003	0.000003	0.428778	0.445529
ID_55	720.000000	8887.000000	0.000004	-0.000002	0.690132	-0.259824
ID_56	736.000000	8837.000000	-0.000000	-0.000002	-0.023696	-0.339357
ID_57	752.000000	8837.000000	0.000002	-0.000000	0.334364	-0.055835
ID_58	752.000000	9258.000000	-0.000002	0.000000	-0.384196	0.008449
ID_59	768.000000	8824.000000	-0.000001	-0.000004	-0.148998	-0.586852
ID_60	768.000000	7516.000000	-0.000000	0.000003	0.127822	0.449248
ID_61	800.000000	7404.000000	0.000002	0.000002	-0.142563	0.324289
ID_62	832.000000	8080.000000	0.000001	0.000002	0.015752	0.333617
ID_63	880.000000	8356.000000	-0.000001	-0.000002	0.035192	-0.293609
ID_64	880.000000	7183.000000	-0.000002	-0.000000	-0.256401	-0.018972
ID_65	896.000000	8366.000000	0.000001	0.000003	-0.004750	0.496208
ID_66	912.000000	8160.000000	0.000001	0.000002	0.144548	0.284315
ID_67	928.000000	8463.000000	-0.000001	-0.000000	0.078282	-0.091409
ID_68	928.000000	8927.000000	0.000001	-0.000001	0.227254	-0.128219
ID_69	928.000000	8608.000000	0.000001	-0.000001	-0.091023	-0.084331
ID_70	1008.000000	8764.000000	0.000001	-0.000003	0.120230	-0.430764
ID_71	1008.000000	8520.000000	0.000003	-0.000004	0.437242	-0.641453
ID_72	1024.000000	8526.000000	0.000002	-0.000004	-0.337013	-0.492154
ID_73	1040.000000	9149.000000	-0.000001	-0.000002	0.052344	-0.336628
ID_74	1040.000000	8497.000000	-0.000002	-0.000002	0.225799	-0.286857
ID_75	1056.000000	8886.000000	0.000002	0.000001	0.355982	0.122591
ID_76	1072.000000	8901.000000	0.000001	-0.000001	0.202007	-0.082249
ID_77	1072.000000	8214.000000	-0.000002	0.000003	0.363982	0.422880
ID_78	1088.000000	8355.000000	-0.000003	0.000003	-0.445044	0.504748
ID_79	1088.000000	8943.000000	0.000002	0.000002	-0.132296	0.333067
ID_80	1088.000000	8848.000000	-0.000004	-0.000002	0.362518	-0.408297
ID_81	1104.000000	8692.000000	-0.000002	0.000000	0.264544	0.010815
ID_82	1104.000000	8336.000000	-0.000003	-0.000001	0.322939	-0.243181
ID_83	1136.000000	8602.000000	0.000001	-0.000003	0.201772	-0.473495
ID_84	1200.000000	8816.000000	0.000000	0.000002	0.057006	0.313003
ID_85	1200.000000	7895.000000	-0.000004	0.000003	0.549627	0.340267
ID_86	1216.000000	8899.000000	-0.000005	-0.000002	-0.731384	-0.300672
ID_87	1216.000000	7652.000000	0.000005	0.000000	0.726999	0.029895
ID_88	1216.000000	7909.000000	-0.000001	-0.000001	-0.172323	-0.083691
ID_89	1248.000000	8787.000000	0.000002	-0.000001	-0.284658	-0.090938
ID_90	1312.000000	9638.000000	0.000004	-0.000002	0.571924	-0.265640
ID_91	1312.000000	7324.000000	0.000000	0.000000	0.014721	0.041954
ID_92	1328.000000	8505.000000	-0.000000	0.000002	-0.078252	0.389814
ID_93	1360.000000	8055.000000	0.000004	0.000003	-0.386696	0.590691
ID_94	1392.000000	9133.000000	-0.000000	-0.000000	-0.026856	-0.020630
ID_95	1424.000000	8902.000000	-0.000004	-0.000001	0.443022	-0.210157
ID_96	1424.000000	9144.000000	-0.000003	0.000003	0.412992	0.373620
ID_97	1440.000000	8647.000000	0.000001	0.000002	-0.049051	0.335956
ID_98	1440.000000	8163.000000	0.000005	0.000003	-0.459882	0.567779
ID_99	1456.000000	8685.000000	-0.000001	0.000000	0.101439	-0.005452
ID_100	1472.000000	7536.000000	0.000001	0.000003	-0.035868	0.412441
ID_101	1472.000000	7138.000000	0.000003	0.000001	0.531870	0.121182
ID_102	1536.000000	7063.000000	-0.000004	-0.000000	-0.605551	-0.067925
ID_103	1536.000000	8641.000000	0.000003	-0.000002	-0.471523	-0.239528
ID_104	1552.000000	8982.000000	-0.000003	0.000000	-0.510668	0.039083
ID_105	1600.000000	7131.000000	0.000004	-0.000001	-0.507345	-0.076213
ID_106	1600.000000	8684.000000	-0.000004	-0.000002	0.387124	-0.329719
ID_107	1632.000000	8141.000000	-0.000003	0.000001	-0.485917	0.154705
ID_108	1648.000000	7016.000000	0.000001	-0.000001	-0.114514	-0.075321
ID_109	1664.000000	7016.000000	-0.000004	-0.000001	0.477110	-0.219899
ID_110	1680.000000	8808.000000	0.000003	-0.000003	0.469008	-0.456459
ID_111	1696.000000	8817.000000	-0.000001	-0.000001	-0.092429	-0.092431
ID_112	1712.000000	8736.000000	-0.000002	0.000001	-0.249707	0.105255
ID_113	1744.000000	7040.000000	0.000003	0.000000	0.493757	0.005154
ID_114	1792.000000	9210.000000	-0.000002	-0.000001	-0.263726	-0.149001
ID_115	1808.000000	7036.000000	0.000002	-0.000001	0.344036	-0.130194
ID_116	1904.000000	8063.000000	0.000002	-0.000001	-0.260101	-0.152998
ID_117	1952.000000	7430.000000	-0.000000	0.000002	0.111477	0.273476
ID_118	1968.000000	7105.000000	0.000004	-0.000001	-0.499158	0.016539
ID_119	2016.000000	7083.000000	-0.000002	-0.000001	0.168860	-0.206585
ID_120	2064.000000	9166.000000	-0.000003	0.000003	-0.401979	0.487945
ID_121	2112.000000	7844.000000	0.000004	-0.000002	-0.488246	-0.255809
ID_122	2176.000000	9582.000000	-0.000001	-0.000002	0.034401	-0.268019
ID_123	2304.000000	9178.000000	-0.000003	-0.000003	0.202468	-0.480066
ID_124	2320.000000	7850.000000	-0.000002	-0.000000	-0.375719	-0.001930
ID_125	2384.000000	7583.000000	-0.000002	-0.000001	0.150278	-0.155602
ID_126	2432.000000	7523.000000	-0.000002	0.000002	0.259065	0.262826
ID_127	2448.000000	7114.000000	-0.000003	-0.000001	0.340520	-0.173453
ID_128	2464.000000	8369.000000	0.000001	0.000002	-0.018048	0.369604
ID_129	2480.000000	7098.000000	0.000000	-0.000002	0.009583	-0.383328
ID_130	2512.000000	7217.000000	-0.000002	0.000002	-0.286825	0.255158
ID_131	2512.000000	7815.000000	0.000001	-0.000001	-0.164663	-0.168468
ID_132	2528.000000	8386.000000	0.000002	0.000001	-0.172782	0.205940
ID_133	2528.000000	7761.000000	0.000002	-0.000002	0.385390	-0.235785
ID_134	2544.000000	7189.000000	0.000002	0.000001	0.332049	0.135810
ID_135	2608.000000	7824.000000	-0.000004	-0.000001	0.384938	-0.249312
ID_136	2672.000000	9757.000000	0.000004	0.000001	-0.410502	0.182618
ID_137	2672.000000	7265.000000	0.000000	0.000002	0.020243	0.281582
ID_138	2688.000000	8598.000000	0.000005	0.000000	-0.547332	0.199027
ID_139	2704.000000	7254.000000	-0.000003	-0.000002	0.293300	-0.432201
ID_140	2736.000000	8079.000000	-0.000001	0.000000	0.083828	0.043589
ID_141	2736.000000	7790.000000	0.000003	0.000002	-0.239911	0.343529
ID_142	2752.000000	9286.000000	-0.000003	0.000001	0.416938	0.111775
ID_143	2768.000000	7645.000000	0.000001	-0.000003	0.187806	-0.512841
ID_144	2816.000000	7461.000000	-0.000004	0.000002	0.556261	0.108131
ID_145	2816.000000	9533.000000	0.000001	0.000002	0.107964	0.305294
ID_146	2864.000000	7124.000000	-0.000001	-0.000001	0.113403	-0.115674
ID_147	2880.000000	8898.000000	0.000003	0.000000	-0.343054	0.120920
ID_148	2880.000000	8237.000000	0.000002	0.000000	-0.255056	0.089499
ID_149	2928.000000	9110.000000	-0.000003	-0.000000	-0.394853	-0.059129
ID_150	2928.000000	7598.000000	0.000003	0.000001	-0.297296	0.249104
ID_151	2944.000000	9107.000000	0.000002	0.000000	-0.254888	0.135694
ID_152	2944.000000	7685.000000	-0.000003	-0.000001	0.347390	-0.235446
ID_153	2992.000000	7646.000000	-0.000000	-0.000004	-0.069576	-0.544315
ID_154	3008.000000	7296.000000	0.000002	-0.000001	0.366165	-0.083265
ID_155	3008.000000	8491.000000	0.000001	-0.000003	-0.204773	-0.431666
ID_156	3008.000000	7611.000000	0.000001	0.000000	0.169299	0.042721
ID_157	3008.000000	7710.000000	-0.000002	0.000003	-0.334812	0.439863
ID_158	3008.000000	8233.000000	0.000002	0.000001	-0.189690	0.217855
ID_159	3056.000000	9166.000000	0.000003	0.000002	-0.312013	0.306561
ID_160	3056.000000	8011.000000	-0.000001	0.000003	0.192991	0.481189
ID_161	3072.000000	8118.000000	-0.000002	-0.000001	-0.351664	-0.194507
ID_162	3136.000000	8731.000000	0.000004	-0.000001	-0.445020	-0.068609
ID_163	3136.000000	8153.000000	0.000002	-0.000003	-0.372933	-0.325805
ID_164	3168.000000	8379.000000	0.000000	0.000003	0.060428	0.439392
ID_165	3168.000000	9781.000000	-0.000000	-0.000001	0.005807	-0.105714
ID_166	3184.000000	7961.000000	0.000000	0.000002	0.076506	0.248690
ID_167	3184.000000	8177.000000	-0.000003	0.000001	0.431029	0.113679
ID_168	3216.000000	7980.000000	0.000003	-0.000002	-0.466063	-0.200812
ID_169	3232.000000	7639.000000	-0.000001	0.000002	0.160454	0.232510
ID_170	3248.000000	9676.000000	0.000001	-0.000000	0.167737	-0.053632
ID_171	3264.000000	7640.000000	-0.000003	-0.000000	0.308584	-0.118024
ID_172	3280.000000	8080.000000	0.000002	-0.000001	0.316184	-0.116320
ID_173	3280.000000	7528.000000	-0.000005	0.000001	-0.789152	0.175890
ID_174	3360.000000	8561.000000	-0.000003	-0.000001	-0.400935	-0.212759
ID_175	3360.000000	7959.000000	-0.000004	-0.000001	0.385478	-0.195417
ID_176	3360.000000	7834.000000	-0.000003	0.000004	0.518930	0.466927
ID_177	3392.000000	8624.000000	0.000002	0.000000	-0.246099	0.100730
ID_178	3408.000000	7903.000000	-0.000005	0.000001	0.627003	-0.023481
ID_179	3408.000000	7630.000000	0.000001	0.000001	-0.064354	0.133833
ID_180	3408.000000	8078.000000	-0.000005	-0.000002	0.519620	-0.440455
ID_181	3440.000000	9213.000000	0.000002	0.000003	-0.146729	0.443422
ID_182	3456.000000	7942.000000	-0.000000	-0.000002	-0.051308	-0.326077
ID_183	3456.000000	7146.000000	0.000004	0.000002	-0.379513	0.352663
ID_184	3504.000000	8515.000000	0.000002	-0.000001	0.245102	-0.162512
ID_185	3520.000000	7920.000000	-0.000004	-0.000001	-0.698277	-0.225940
ID_186	3536.000000	9292.000000	0.000005	0.000001	-0.496816	0.228297
ID_187	3552.000000	7384.000000	0.000002	-0.000000	-0.225567	0.000232
ID_188	3648.000000	8822.000000	0.000000	-0.000002	0.036480	-0.345260
ID_189	3664.000000	7264.000000	0.000002	-0.000003	-0.277292	-0.379134
ID_190	3664.000000	7518.000000	-0.000000	-0.000000	0.031237	-0.017785
ID_191	3712.000000	8122.000000	-0.000000	-0.000000	-0.046141	-0.004051
ID_192	3776.000000	7437.000000	-0.000001	0.000001	0.113533	0.157441
ID_193	3792.000000	8071.000000	0.000001	-0.000002	-0.212146	-0.335346
ID_194	3872.000000	7776.000000	0.000005	0.000003	0.843240	0.439827
ID_195	3872.000000	8783.000000	-0.000002	-0.000001	0.213670	-0.218502
ID_196	3872.000000	7139.000000	-0.000002	-0.000002	0.165629	-0.293640
ID_197	3904.000000	7681.000000	-0.000001	0.000001	-0.112660	0.192555
ID_198	3920.000000	7666.000000	0.000001	-0.000001	0.108946	-0.090521
ID_199	3920.000000	8515.000000	0.000004	0.000001	0.638294	0.137943
ID_200	3920.000000	7855.000000	-0.000001	0.000000	-0.101429	0.008564
ID_201	4000.000000	8342.000000	-0.000003	-0.000001	0.273296	-0.142434
ID_202	4032.000000	9341.000000	-0.000000	0.000000	0.064406	0.060348
ID_203	4048.000000	9516.000000	-0.000001	0.000001	0.138677	0.162430
ID_1	4192.000000	3108.000000	-0.000003	0.000002	0.440857	0.185208
ID_2	4240.000000	1413.000000	0.000001	-0.000004	-0.222497	-0.528691
ID_3	4304.000000	1816.000000	0.000002	-0.000000	0.270923	-0.045197
ID_4	4464.000000	3817.000000	0.000002	0.000001	-0.233043	0.170615
ID_5	4496.000000	3024.000000	0.000002	0.000000	0.358538	0.012497
ID_6	4496.000000	2447.000000	-0.000000	0.000003	-0.077877	0.516757
ID_7	4528.000000	2569.000000	0.000001	0.000002	-0.096558	0.296370
ID_8	4608.000000	1465.000000	-0.000002	0.000001	-0.243539	0.107951
ID_9	4656.000000	1046.000000	0.000000	-0.000003	-0.135440	-0.420913
ID_10	4736.000000	1447.000000	0.000004	0.000001	0.629634	0.220293
ID_11	4752.000000	2335.000000	-0.000006	-0.000002	0.579519	-0.488374
ID_12	4768.000000	2324.000000	-0.000003	-0.000001	-0.442684	-0.086904
ID_13	4784.000000	2642.000000	0.000003	0.000001	-0.377112	0.204351
ID_14	4832.000000	2893.000000	-0.000001	-0.000002	-0.229759	-0.324297
ID_15	4928.000000	2015.000000	-0.000001	-0.000002	-0.225015	-0.243907
ID_16	4944.000000	2660.000000	-0.000003	-0.000000	0.306685	-0.108844
ID_17	4976.000000	2186.000000	-0.000002	-0.000000	-0.331058	-0.057260
ID_18	5008.000000	1814.000000	0.000004	-0.000000	-0.461501	0.059072
ID_19	5008.000000	1359.000000	-0.000005	0.000002	0.654497	0.167912
ID_20	5024.000000	2753.000000	0.000004	-0.000000	-0.422736	0.067238
ID_21	5104.000000	2099.000000	0.000004	-0.000002	-0.509156	-0.214726
ID_22	5104.000000	2147.000000	-0.000004	0.000002	0.514434	0.172770
ID_23	5136.000000	2214.000000	-0.000004	-0.000002	-0.608754	-0.377275
ID_24	5200.000000	2338.000000	-0.000002	0.000003	0.325280	0.367308
ID_25	5216.000000	1513.000000	0.000005	0.000002	0.817554	0.377601
ID_26	5216.000000	3652.000000	-0.000001	0.000002	0.167935	0.341322
ID_27	5248.000000	1938.000000	-0.000002	0.000002	-0.307025	0.271815
ID_28	5264.000000	2457.000000	0.000003	0.000003	-0.215603	0.551557
ID_29	5280.000000	2233.000000	0.000002	-0.000002	0.331055	-0.269319
ID_30	5280.000000	2012.000000	0.000003	-0.000002	0.395312	-0.316441
ID_31	5280.000000	2487.000000	0.000000	-0.000001	-0.051964	-0.150039
ID_32	5296.000000	2220.000000	0.000001	0.000000	0.205266	0.053224
ID_33	5296.000000	3260.000000	0.000004	0.000001	-0.474321	0.243431
ID_34	5296.000000	2516.000000	-0.000003	0.000001	-0.490505	0.201996
ID_35	5328.000000	3143.000000	-0.000001	0.000001	-0.184457	0.095225
ID_36	5344.000000	2318.000000	0.000004	-0.000003	0.641591	-0.438961
ID_37	5360.000000	1644.000000	0.000000	-0.000001	-0.075032	-0.091965
ID_38	5376.000000	2340.000000	-0.000004	-0.000002	0.466775	-0.345969
ID_39	5376.000000	2663.000000	-0.000002	-0.000002	0.135672	-0.354918
ID_40	5392.000000	2218.000000	-0.000000	0.000003	0.133365	0.368317
ID_41	5392.000000	2693.000000	0.000003	-0.000001	-0.442993	-0.120086
ID_42	5424.000000	2473.000000	-0.000001	-0.000001	0.109605	-0.221185
ID_43	5424.000000	2062.000000	0.000002	0.000002	-0.096760	0.388567
ID_44	5440.000000	2767.000000	-0.000005	-0.000001	0.540331	-0.205111
ID_45	5472.000000	2048.000000	-0.000004	-0.000001	-0.574205	-0.215783
ID_46	5520.000000	1871.000000	-0.000003	-0.000002	0.239281	-0.322174
ID_47	5536.000000	2963.000000	0.000000	0.000004	0.068609	0.558951
ID_48	5568.000000	2099.000000	0.000005	0.000001	-0.483681	0.334350
ID_49	5568.000000	2695.000000	0.000002	0.000003	0.280464	0.441143
ID_50	5568.000000	2826.000000	0.000001	0.000002	0.196643	0.267969
ID_51	5568.000000	2514.000000	0.000002	0.000002	-0.129824	0.307097
ID_52	5584.000000	2832.000000	0.000002	0.000002	0.386370	0.242270
ID_53	5600.000000	3536.000000	-0.000003	0.000000	-0.501456	0.027630
ID_54	5616.000000	1141.000000	0.000002	-0.000000	-0.287330	-0.010735
ID_55	5616.000000	1138.000000	0.000002	-0.000001	-0.220019	-0.034846
ID_56	5616.000000	2093.000000	-0.000003	0.000003	0.421037	0.309861
ID_57	5632.000000	2865.000000	0.000001	-0.000002	-0.148434	-0.348161
ID_58	5632.000000	1853.000000	0.000002	-0.000000	-0.201309	0.008729
ID_59	5648.000000	2211.000000	0.000003	-0.000003	-0.416701	-0.308509
ID_60	5664.000000	2575.000000	-0.000001	-0.000002	0.063311	-0.322630
ID_61	5664.000000	1830.000000	0.000003	-0.000003	-0.380351	-0.318444
ID_62	5664.000000	3490.000000	0.000001	-0.000001	0.085980	-0.152922
ID_63	5680.000000	2403.000000	0.000002	-0.000003	-0.279544	-0.384188
ID_64	5680.000000	1834.000000	-0.000003	0.000001	0.427076	0.022814
ID_65	5680.000000	3385.000000	0.000002	-0.000001	0.382403	-0.155024
ID_66	5680.000000	3229.000000	-0.000002	-0.000002	-0.308916	-0.340638
ID_67	5696.000000	2538.000000	-0.000001	-0.000001	0.061164	-0.176290
ID_68	5696.000000	1831.000000	-0.000004	-0.000002	0.423581	-0.429935
ID_69	5712.000000	2281.000000	-0.000003	0.000003	0.451894	0.305019
ID_70	5712.000000	2767.000000	0.000002	0.000002	-0.135799	0.395956
ID_71	5744.000000	2984.000000	-0.000001	-0.000001	-0.194726	-0.223895
ID_72	5776.000000	2261.000000	-0.000002	0.000000	0.266011	-0.030678
ID_73	5792.000000	2349.000000	-0.000002	0.000000	-0.350225	0.018466
ID_74	5792.000000	1778.000000	-0.000000	-0.000001	-0.022121	-0.216770
ID_75	5808.000000	2071.000000	-0.000002	0.000002	-0.319463	0.316747
ID_76	5808.000000	2229.000000	-0.000000	-0.000000	-0.036790	-0.026044
ID_77	5824.000000	2075.000000	-0.000000	-0.000002	-0.025497	-0.348571
ID_78	5840.000000	2809.000000	0.000000	-0.000000	-0.013426	-0.014203
ID_79	5872.000000	2199.000000	-0.000004	0.000001	0.498308	-0.020763
ID_80	5888.000000	3617.000000	0.000002	-0.000001	0.313409	-0.194927
ID_81	5904.000000	3382.000000	0.000002	0.000001	0.369749	0.081888
ID_82	5904.000000	1354.000000	-0.000003	-0.000001	0.261390	-0.207605
ID_83	5920.000000	1410.000000	0.000001	0.000002	-0.034392	0.250981
ID_84	5920.000000	3670.000000	0.000006	0.000001	0.915246	0.234516
ID_85	5952.000000	2683.000000	-0.000001	-0.000002	-0.109486	-0.349066
ID_86	5984.000000	2766.000000	0.000000	-0.000003	-0.159115	-0.426064
ID_87	6000.000000	1309.000000	0.000002	0.000001	0.302828	0.082846
ID_88	6000.000000	3387.000000	0.000002	0.000002	-0.131312	0.369388
ID_89	6016.000000	3398.000000	0.000001	-0.000001	0.096637	-0.179895
ID_90	6016.000000	2762.000000	-0.000001	-0.000001	0.146750	-0.132415
ID_91	6016.000000	1487.000000	0.000004	0.000002	-0.347023	0.445647
ID_92	6016.000000	3856.000000	-0.000000	0.000000	-0.027090	0.042364
ID_93	6048.000000	2154.000000	-0.000002	-0.000000	-0.268848	-0.012706
ID_94	6064.000000	2188.000000	0.000001	0.000000	0.084454	0.005595
ID_95	6080.000000	3852.000000	0.000000	-0.000000	-0.010384	-0.007866
ID_96	6128.000000	2826.000000	-0.000002	0.000000	-0.341794	0.038502
ID_97	6128.000000	3656.000000	0.000005	0.000003	0.736369	0.437121
ID_98	6128.000000	3390.000000	0.000001	0.000001	0.148390	0.086972
ID_99	6144.000000	2790.000000	-0.000002	-0.000001	-0.345616	-0.122965
ID_100	6160.000000	2650.000000	0.000000	-0.000002	-0.104528	-0.247579
ID_101	6160.000000	3473.000000	0.000002	-0.000001	-0.307385	-0.073160
ID_102	6176.000000	1949.000000	-0.000004	-0.000003	-0.653918	-0.447258
ID_103	6176.000000	3591.000000	-0.000002	0.000001	0.295378	0.141398
ID_104	6192.000000	1289.000000	-0.000003	-0.000001	-0.460492	-0.158418
ID_105	6192.000000	3588.000000	0.000001	0.000002	-0.048569	0.277977
ID_106	6192.000000	2745.000000	-0.000000	-0.000000	-0.006696	-0.043025
ID_107	6208.000000	2908.000000	0.000002	-0.000002	-0.321967	-0.276427
ID_108	6208.000000	2583.000000	0.000004	-0.000002	-0.519093	-0.148231
ID_109	6208.000000	1766.000000	0.000000	0.000000	-0.012199	0.050499
ID_110	6208.000000	3347.000000	-0.000003	-0.000002	-0.479839	-0.370262
ID_111	6208.000000	3580.000000	0.000004	0.000002	0.668264	0.271043
ID_112	6224.000000	3579.000000	0.000003	0.000000	0.504798	0.053716
ID_113	6224.000000	1222.000000	-0.000001	0.000001	0.137797	0.065975
ID_114	6224.000000	3208.000000	0.000003	0.000002	0.485763	0.247773
ID_115	6240.000000	3442.000000	0.000000	-0.000001	-0.074244	-0.188234
ID_116	6240.000000	3581.000000	-0.000000	-0.000001	-0.009375	-0.191739
ID_117	6240.000000	2676.000000	-0.000003	0.000002	-0.422241	0.335138
ID_118	6256.000000	3516.000000	-0.000001	0.000004	0.291985	0.523465
ID_119	6256.000000	3113.000000	-0.000000	0.000002	0.088087	0.348147
ID_120	6272.000000	3323.000000	-0.000001	0.000003	0.180216	0.430173
ID_121	6272.000000	3640.000000	0.000003	0.000002	-0.275968	0.357722
ID_122	6272.000000	2369.000000	-0.000005	-0.000002	0.466718	-0.457629
ID_123	6288.000000	3213.000000	-0.000001	0.000002	0.172435	0.242140
ID_124	6288.000000	2094.000000	-0.000002	-0.000000	0.216366	-0.121818
ID_125	6288.000000	2380.000000	0.000001	-0.000002	-0.194955	-0.270627
ID_126	6320.000000	2347.000000	-0.000001	0.000000	0.168555	0.036780
ID_127	6320.000000	3630.000000	-0.000000	0.000004	-0.018421	0.592283
ID_128	6336.000000	3134.000000	-0.000003	-0.000000	-0.447137	-0.019094
ID_129	6336.000000	3619.000000	0.000003	-0.000002	-0.384410	-0.217362
ID_130	6352.000000	1627.000000	-0.000001	-0.000001	0.052582	-0.154291
ID_131	6352.000000	3751.000000	0.000004	0.000002	-0.382404	0.367010
ID_132	6352.000000	3127.000000	-0.000004	-0.000000	-0.612601	-0.050272
ID_133	6368.000000	1898.000000	0.000000	0.000002	0.042413	0.364732
ID_134	6416.000000	3775.000000	-0.000002	-0.000002	-0.264558	-0.324492
ID_135	6448.000000	3053.000000	0.000002	0.000000	0.243189	0.020249
ID_136	6448.000000	3572.000000	-0.000002	0.000000	-0.333844	0.010567
ID_137	6464.000000	3177.000000	-0.000002	0.000000	-0.307484	0.039101
ID_138	6480.000000	3639.000000	0.000002	-0.000002	-0.308320	-0.197583
ID_139	6496.000000	3437.000000	-0.000004	-0.000002	0.414824	-0.372287
ID_140	6512.000000	3431.000000	-0.000002	0.000003	0.330068	0.338118
ID_141	6512.000000	1025.000000	0.000001	0.000001	-0.073711	0.210084
ID_142	6512.000000	3529.000000	0.000003	-0.000001	-0.361966	-0.111392
ID_143	6544.000000	2216.000000	-0.000002	0.000002	-0.245931	0.258873
ID_144	6544.000000	2030.000000	-0.000002	0.000002	-0.320828	0.367609
ID_145	6560.000000	3506.000000	0.000002	-0.000003	-0.336335	-0.334229
ID_146	6560.000000	3262.000000	-0.000003	0.000001	0.347995	0.132512
ID_147	6560.000000	3538.000000	0.000004	-0.000002	-0.480166	-0.205418
ID_148	6576.000000	1641.000000	-0.000003	-0.000003	-0.450014	-0.489368
ID_149	6592.000000	3133.000000	-0.000001	0.000003	0.198509	0.353092
ID_150	6608.000000	2762.000000	-0.000001	-0.000002	0.074379	-0.285275
ID_151	6720.000000	3090.000000	0.000003	-0.000001	0.464560	-0.232410
ID_152	6720.000000	2141.000000	0.000004	0.000002	0.645843	0.378355
ID_153	6736.000000	1491.000000	0.000002	0.000001	-0.153416	0.211860
ID_154	6736.000000	3550.000000	0.000005	-0.000002	-0.586573	-0.171632
ID_155	6784.000000	2765.000000	0.000001	-0.000000	-0.073501	-0.015507
ID_156	6816.000000	2352.000000	-0.000005	-0.000001	0.594348	-0.283676
ID_157	6864.000000	3744.000000	-0.000001	0.000001	-0.135187	0.098469
ID_158	6912.000000	3235.000000	0.000002	0.000002	-0.209101	0.404049
ID_159	6928.000000	2208.000000	0.000003	0.000000	-0.284140	0.118303
ID_160	6944.000000	2674.000000	0.000000	-0.000002	-0.055835	-0.226031
ID_161	6960.000000	2562.000000	-0.000000	-0.000002	-0.046879	-0.249374
ID_162	6976.000000	2214.000000	0.000000	-0.000002	0.035658	-0.240361
ID_163	7024.000000	2296.000000	-0.000004	0.000001	-0.615466	0.123122
ID_164	7040.000000	3407.000000	0.000003	0.000002	0.507337	0.310459
ID_165	7072.000000	2244.000000	-0.000001	0.000001	0.191404	0.071956
ID_166	7088.000000	3369.000000	-0.000001	0.000002	0.244324	0.304845
ID_167	7104.000000	3087.000000	0.000005	-0.000001	0.771407	-0.191568
ID_168	7120.000000	3676.000000	0.000001	0.000002	-0.092559	0.301457
ID_169	7120.000000	2580.000000	-0.000002	0.000000	0.289613	-0.008729
ID_170	7136.000000	2828.000000	0.000001	-0.000001	-0.141486	-0.136466
ID_171	7136.000000	3515.000000	0.000003	-0.000000	-0.374307	0.037009
ID_172	7152.000000	1685.000000	-0.000006	0.000000	0.673002	-0.150726
ID_173	7168.000000	3497.000000	0.000001	-0.000000	0.095753	-0.017674
ID_174	7184.000000	3671.000000	-0.000004	-0.000002	-0.582299	-0.295558
ID_175	7184.000000	1762.000000	0.000004	0.000001	-0.408944	0.252462
ID_176	7184.000000	2992.000000	-0.000002	-0.000001	0.181791	-0.230579
ID_177	7200.000000	2979.000000	-0.000001	0.000001	0.079266	0.073679
ID_178	7200.000000	3028.000000	-0.000002	0.000003	0.379274	0.360908
ID_179	7200.000000	2762.000000	-0.000003	-0.000001	0.273402	-0.232383
ID_180	7200.000000	2387.000000	0.000003	-0.000002	-0.409962	-0.283880
ID_181	7200.000000	2530.000000	-0.000000	0.000002	0.137007	0.334373
ID_182	7200.000000	2049.000000	0.000001	-0.000001	-0.179439	-0.143991
ID_183	7232.000000	2791.000000	0.000002	-0.000001	0.265140	-0.193019
ID_184	7248.000000	3730.000000	-0.000004	0.000001	0.481661	-0.012971
ID_185	7248.000000	2613.000000	0.000004	0.000000	0.641247	0.027779
ID_186	7264.000000	1883.000000	-0.000002	-0.000000	-0.359186	-0.046175
ID_187	7264.000000	3072.000000	0.000001	-0.000002	-0.223026	-0.316940
ID_188	7280.000000	1727.000000	0.000000	0.000002	0.003706	0.246758
ID_189	7296.000000	2230.000000	0.000002	-0.000002	0.278807	-0.344688
ID_190	7328.000000	3013.000000	-0.000001	-0.000002	0.077491	-0.257087
ID_191	7328.000000	3398.000000	0.000002	-0.000003	-0.376720	-0.400923
ID_192	7344.000000	1175.000000	-0.000004	-0.000001	-0.695387	-0.187698
ID_193	7344.000000	2885.000000	-0.000004	0.000003	0.552586	0.304475
ID_194	7456.000000	3261.000000	-0.000000	0.000002	-0.047901	0.266737
ID_195	7488.000000	2958.000000	-0.000003	-0.000001	0.354041	-0.233945
ID_196	7520.000000	3028.000000	0.000002	0.000002	-0.215156	0.374984
ID_197	7568.000000	3869.000000	0.000003	-0.000001	0.428172	-0.177123
ID_198	7584.000000	2403.000000	0.000000	-0.000003	-0.109028	-0.440046
ID_199	7584.000000	2365.000000	0.000004	0.000000	-0.476184	0.170218
ID_200	7584.000000	3058.000000	-0.000001	0.000002	-0.206108	0.247795
ID_201	7584.000000	3255.000000	0.000002	-0.000002	0.301321	-0.334051
ID_202	7600.000000	2273.000000	0.000005	0.000001	0.742676	0.171976
ID_203	7600.000000	3785.000000	0.000002	-0.000002	-0.245496	-0.233643
ID_204	7616.000000	2318.000000	-0.000002	0.000002	-0.355718	0.387398
ID_205	7712.000000	3106.000000	-0.000001	-0.000001	0.034967	-0.199120
ID_206	7728.000000	3235.000000	0.000001	0.000003	0.234145	0.515489
ID_207	7728.000000	3087.000000	-0.000001	0.000001	0.121917	0.076764
ID_208	7728.000000	2522.000000	-0.000003	-0.000001	-0.485462	-0.206930
ID_209	7792.000000	3042.000000	-0.000003	0.000003	0.469747	0.329768
ID_210	7792.000000	1480.000000	-0.000007	-0.000002	0.724354	-0.450754
ID_211	7792.000000	3779.000000	0.000003	-0.000001	-0.429693	-0.056187
ID_212	7856.000000	3708.000000	0.000003	0.000001	-0.266016	0.254813
ID_213	7904.000000	2069.000000	0.000001	0.000001	-0.050992	0.222037
ID_214	7904.000000	1932.000000	0.000005	0.000002	-0.519190	0.388465
ID_215	8000.000000	1951.000000	-0.000005	0.000000	0.603236	-0.132616
ID_216	8016.000000	1453.000000	-0.000001	0.000000	-0.079112	0.056749
ID_217	8096.000000	2647.000000	-0.000002	-0.000000	0.186823	-0.057150
ID_218	8112.000000	3718.000000	-0.000000	-0.000002	-0.008960	-0.266222
ID_219	8112.000000	2647.000000	0.000003	-0.000001	-0.443204	-0.088475
ID_220	8128.000000	1641.000000	0.000001	-0.000001	-0.102142	-0.104556
ID_221	8144.000000	2528.000000	-0.000001	-0.000000	0.142291	-0.035414
ID_222	8160.000000	1377.000000	0.000001	0.000001	0.113641	0.151553
ID_1	8224.000000	6895.000000	-0.000002	0.000002	0.331192	0.213128
ID_2	8240.000000	6369.000000	-0.000000	-0.000001	-0.011190	-0.230511
ID_3	8272.000000	7350.000000	0.000004	0.000000	0.604773	0.022574
ID_4	8336.000000	7271.000000	-0.000003	-0.000001	-0.449351	-0.094294
ID_5	8336.000000	6091.000000	-0.000000	0.000001	0.036780	0.095978
ID_6	8464.000000	7697.000000	0.000001	-0.000002	-0.126888	-0.231498
ID_7	8464.000000	7512.000000	0.000005	0.000001	-0.489718	0.286656
ID_8	8464.000000	7640.000000	0.000000	0.000000	-0.001252	0.019204
ID_9	8480.000000	7568.000000	-0.000001	0.000003	0.204133	0.455493
ID_10	8512.000000	7515.000000	0.000000	0.000003	0.043380	0.441141
ID_11	8512.000000	6915.000000	0.000000	-0.000004	0.021309	-0.559126
ID_12	8528.000000	7274.000000	-0.000001	0.000002	-0.092349	0.341089
ID_13	8544.000000	7467.000000	0.000002	-0.000004	-0.381800	-0.574191
ID_14	8560.000000	6764.000000	0.000000	-0.000002	0.073872	-0.355343
ID_15	8560.000000	7156.000000	-0.000001	0.000003	-0.138370	0.479023
ID_16	8576.000000	6899.000000	0.000001	-0.000003	-0.186764	-0.464649
ID_17	8624.000000	6816.000000	-0.000001	-0.000001	0.077733	-0.228699
ID_18	8656.000000	6275.000000	0.000000	0.000002	0.019563	0.267279
ID_19	8656.000000	6905.000000	-0.000002	0.000004	0.411451	0.595693
ID_20	8672.000000	7406.000000	-0.000002	-0.000000	0.175907	-0.061895
ID_21	8688.000000	7265.000000	-0.000000	0.000004	0.163019	0.522150
ID_22	8704.000000	7698.000000	0.000000	-0.000002	0.032175	-0.373070
ID_23	8720.000000	6749.000000	-0.000002	-0.000005	-0.337214	-0.726047
ID_24	8736.000000	6278.000000	0.000000	-0.000005	0.068205	-0.718928
ID_25	8784.000000	6835.000000	-0.000003	-0.000004	0.244640	-0.702554
ID_26	8800.000000	7722.000000	-0.000001	0.000000	0.114229	-0.021216
ID_27	8800.000000	6855.000000	0.000004	0.000004	0.687661	0.582171
ID_28	8896.000000	6671.000000	0.000001	0.000001	0.178660	0.158973
ID_29	8960.000000	6812.000000	-0.000001	0.000002	0.202286	0.330106
ID_30	8960.000000	6478.000000	-0.000002	0.000000	0.245949	0.020078
ID_31	8992.000000	6293.000000	-0.000002	0.000003	-0.366795	0.408108
ID_32	9024.000000	7377.000000	0.000005	0.000003	-0.439228	0.541511
ID_33	9040.000000	7257.000000	-0.000000	-0.000001	-0.025533	-0.202290
ID_34	9072.000000	7333.000000	-0.000001	0.000001	0.142299	0.100076
ID_35	9152.000000	6763.000000	0.000000	-0.000005	-0.169039	-0.682170
ID_36	9152.000000	6548.000000	0.000002	0.000004	0.272536	0.575746
ID_37	9152.000000	7866.000000	0.000003	0.000001	-0.284916	0.179778
ID_38	9168.000000	6645.000000	-0.000003	-0.000004	0.182497	-0.649805
ID_39	9168.000000	6821.000000	-0.000004	0.000001	0.445368	0.067283
ID_40	9168.000000	7296.000000	0.000003	-0.000001	-0.421104	-0.038110
ID_41	9232.000000	6762.000000	-0.000003	-0.000001	0.322404	-0.201032
ID_42	9280.000000	6852.000000	0.000000	0.000004	0.011406	0.660562
ID_43	9280.000000	7375.000000	0.000001	-0.000002	-0.211887	-0.308092
ID_44	9296.000000	7044.000000	0.000000	-0.000003	0.059960	-0.459050
ID_45	9408.000000	7773.000000	0.000005	0.000004	-0.455832	0.681687
ID_46	9504.000000	7535.000000	0.000002	0.000002	0.360636	0.350873
ID_47	9552.000000	6061.000000	-0.000002	0.000003	0.309522	0.353534
ID_48	9584.000000	7516.000000	0.000003	0.000002	0.462141	0.323448
ID_49	9600.000000	7820.000000	0.000001	0.000002	-0.065284	0.310719
ID_50	9616.000000	6943.000000	-0.000002	0.000001	-0.367946	0.184791
ID_51	9632.000000	7297.000000	0.000001	-0.000004	0.164261	-0.681792
ID_52	9632.000000	7733.000000	-0.000003	0.000000	-0.507924	0.007254
ID_53	9680.000000	7393.000000	-0.000003	-0.000001	-0.500674	-0.126072
ID_54	9696.000000	7583.000000	0.000001	-0.000002	-0.212749	-0.321900
ID_55	9712.000000	7108.000000	-0.000001	-0.000003	-0.038520	-0.491607
ID_56	9744.000000	7162.000000	-0.000000	0.000001	0.080391	0.182917
ID_57	9760.000000	7359.000000	0.000001	-0.000000	0.218022	-0.066624
ID_58	9760.000000	7417.000000	-0.000001	-0.000004	-0.138329	-0.558221
ID_59	9776.000000	7352.000000	0.000001	0.000001	0.159422	0.171407
ID_60	9792.000000	7346.000000	0.000001	0.000003	-0.004663	0.412956
ID_61	9808.000000	7376.000000	0.000001	-0.000000	-0.146470	-0.042752
ID_62	9856.000000	6140.000000	-0.000004	-0.000001	-0.595774	-0.123894
ID_63	10080.000000	7590.000000	-0.000004	-0.000003	-0.561413	-0.503287
ID_64	10176.000000	7315.000000	0.000003	-0.000001	-0.427172	-0.078825
ID_65	10176.000000	7457.000000	-0.000001	-0.000001	0.125261	-0.207660
ID_66	10208.000000	7095.000000	-0.000001	0.000003	0.180841	0.446392
ID_67	10224.000000	6052.000000	-0.000001	-0.000002	0.046391	-0.346951
ID_68	10384.000000	6916.000000	0.000004	0.000002	-0.389519	0.337337
ID_69	10528.000000	6489.000000	0.000000	-0.000003	-0.131454	-0.502974
ID_70	10544.000000	6758.000000	0.000002	0.000003	-0.156092	0.502363
ID_71	10704.000000	6084.000000	-0.000002	0.000002	0.351622	0.263496
ID_72	10736.000000	7269.000000	-0.000003	-0.000002	-0.547275	-0.281065
ID_73	10736.000000	6838.000000	-0.000002	0.000002	-0.286520	0.328437
ID_74	10736.000000	7775.000000	0.000002	0.000004	-0.065129	0.597357
ID_75	10768.000000	6329.000000	0.000003	0.000001	-0.330677	0.303110
ID_76	10880.000000	7178.000000	-0.000002	-0.000004	0.139552	-0.609104
ID_77	10896.000000	6679.000000	0.000001	0.000002	-0.007656	0.289109
ID_78	10912.000000	7649.000000	-0.000001	0.000002	-0.148023	0.314399
ID_79	10928.000000	6730.000000	0.000001	-0.000000	-0.082393	0.011301
ID_80	10976.000000	6075.000000	0.000001	-0.000003	0.203181	-0.466774
ID_81	10992.000000	7000.000000	0.000002	-0.000001	-0.298640	-0.048838
ID_82	11024.000000	7152.000000	0.000003	-0.000002	0.467931	-0.256521
ID_83	11072.000000	7031.000000	-0.000003	-0.000001	0.354190	-0.229220
ID_84	11136.000000	6016.000000	0.000001	0.000003	0.102532	0.437371
ID_85	11152.000000	6577.000000	-0.000002	-0.000001	0.158260	-0.209885
ID_86	11248.000000	7268.000000	-0.000005	-0.000003	0.443194	-0.586030
ID_87	11248.000000	7887.000000	0.000004	-0.000000	0.559085	-0.020000
ID_88	11264.000000	7256.000000	0.000002	0.000004	-0.064994	0.622559
ID_89	11392.000000	6789.000000	-0.000001	0.000000	-0.087675	0.005324
ID_90	11584.000000	6690.000000	-0.000002	0.000001	0.249247	0.063563
ID_91	11600.000000	6428.000000	-0.000000	-0.000003	-0.090630	-0.418876
ID_92	11792.000000	7452.000000	0.000004	0.000001	-0.434257	0.288798
ID_93	11824.000000	7430.000000	-0.000001	-0.000001	-0.200370	-0.110426
ID_94	11840.000000	6890.000000	-0.000001	-0.000000	0.062273	-0.068245
ID_95	12080.000000	7673.000000	-0.000001	-0.000002	-0.180019	-0.331134
ID_96	12096.000000	7240.000000	-0.000000	0.000004	-0.049294	0.563736
ID_97	12176.000000	6109.000000	0.000001	0.000001	-0.082766	0.147142
ID_98	12176.000000	7176.000000	0.000003	0.000002	0.547766	0.339494
ID_99	12192.000000	6945.000000	-0.000002	-0.000002	0.146942	-0.402916
ID_100	12224.000000	7149.000000	-0.000003	-0.000002	-0.397052	-0.269724
ID_101	12224.000000	6689.000000	0.000000	0.000001	0.013928	0.078494
ID_102	12240.000000	6149.000000	0.000002	-0.000002	-0.264297	-0.215710
ID_103	12240.000000	7190.000000	-0.000001	0.000002	0.137745	0.235258
ID_1	12304.000000	13437.000000	0.000001	0.000003	0.001359	0.481492
ID_2	12320.000000	13186.000000	0.000001	-0.000002	-0.201296	-0.217479
ID_3	12336.000000	13446.000000	-0.000002	0.000004	0.410437	0.479445
ID_4	12336.000000	14541.000000	-0.000003	-0.000002	0.348120	-0.324525
ID_5	12352.000000	13187.000000	0.000001	-0.000001	0.091209	-0.225446
ID_6	12368.000000	13126.000000	0.000000	-0.000001	-0.072967	-0.150426
ID_7	12384.000000	13458.000000	0.000004	0.000001	-0.439659	0.252798
ID_8	12384.000000	13783.000000	0.000004	-0.000000	-0.505687	0.063316
ID_9	12400.000000	13997.000000	0.000001	-0.000000	-0.102858	-0.028956
ID_10	12416.000000	13467.000000	-0.000002	0.000000	0.247956	-0.025007
ID_11	12416.000000	12390.000000	-0.000001	-0.000003	-0.035597	-0.470028
ID_12	12432.000000	14890.000000	-0.000000	-0.000001	-0.033862	-0.146785
ID_13	12432.000000	13479.000000	-0.000004	0.000001	0.478515	0.029355
ID_14	12448.000000	13481.000000	0.000001	-0.000002	0.201829	-0.307683
ID_15	12464.000000	12570.000000	0.000001	-0.000001	-0.118115	-0.079897
ID_16	12464.000000	13930.000000	-0.000001	0.000001	-0.161473	0.170489
ID_17	12464.000000	13515.000000	-0.000002	-0.000000	0.249157	-0.132669
ID_18	12480.000000	13852.000000	0.000001	-0.000001	-0.107841	-0.184063
ID_19	12480.000000	13892.000000	0.000000	-0.000002	-0.101960	-0.240316
ID_20	12496.000000	13793.000000	-0.000000	-0.000000	-0.034991	-0.007479
ID_21	12512.000000	13915.000000	-0.000004	-0.000001	0.357789	-0.301279
ID_22	12512.000000	14394.000000	0.000003	0.000001	0.548933	0.105479
ID_23	12528.000000	14382.000000	-0.000000	0.000003	0.123849	0.477970
ID_24	12544.000000	13855.000000	0.000002	-0.000000	0.341609	-0.017904
ID_25	12544.000000	14577.000000	-0.000002	0.000003	-0.265568	0.548571
ID_26	12624.000000	14562.000000	0.000004	-0.000000	-0.442792	0.080436
ID_27	12672.000000	13230.000000	-0.000003	-0.000001	-0.519147	-0.137128
ID_28	12704.000000	14875.000000	0.000000	0.000001	-0.014300	0.186188
ID_29	12704.000000	14345.000000	-0.000002	0.000003	0.378186	0.424435
ID_30	12752.000000	14605.000000	0.000001	-0.000001	-0.138353	-0.055342
ID_31	12832.000000	14376.000000	0.000004	0.000002	-0.418941	0.448443
ID_32	12832.000000	14148.000000	-0.000001	-0.000001	0.088656	-0.180027
ID_33	12944.000000	14485.000000	-0.000005	-0.000002	0.480607	-0.373068
ID_34	13072.000000	13501.000000	0.000002	0.000001	-0.150805	0.248372
ID_35	13120.000000	13265.000000	0.000001	-0.000000	-0.137062	-0.040155
ID_36	13136.000000	13729.000000	0.000002	-0.000003	-0.326998	-0.394087
ID_37	13168.000000	13344.000000	-0.000001	-0.000000	0.155677	-0.086202
ID_38	13184.000000	14742.000000	-0.000001	-0.000000	-0.121827	-0.048942
ID_39	13232.000000	14149.000000	-0.000000	-0.000003	-0.059091	-0.481620
ID_40	13248.000000	14154.000000	0.000002	0.000001	0.274401	0.182444
ID_41	13328.000000	12862.000000	-0.000002	0.000002	0.284596	0.304507
ID_42	13392.000000	13752.000000	0.000001	0.000001	-0.055901	0.235864
ID_43	13440.000000	13749.000000	0.000001	-0.000002	-0.173514	-0.280017
ID_44	13440.000000	13507.000000	-0.000002	0.000003	0.356287	0.448239
ID_45	13456.000000	13753.000000	-0.000001	-0.000001	-0.107553	-0.216874
ID_46	13536.000000	14390.000000	0.000002	-0.000001	-0.255513	-0.039356
ID_47	13536.000000	14873.000000	0.000000	0.000002	0.027567	0.244661
ID_48	13568.000000	14884.000000	0.000003	-0.000001	0.396641	-0.220612
ID_49	13584.000000	14285.000000	0.000001	0.000002	0.180239	0.284900
ID_50	13616.000000	13912.000000	-0.000004	-0.000002	0.455817	-0.382116
ID_51	13616.000000	14879.000000	-0.000005	-0.000003	-0.774005	-0.438011
ID_52	13664.000000	13009.000000	-0.000000	0.000002	-0.029943	0.354825
ID_53	13696.000000	12566.000000	0.000001	-0.000000	-0.170518	-0.017471
ID_54	13728.000000	13765.000000	-0.000001	-0.000001	0.066022	-0.102391
ID_55	13808.000000	14708.000000	-0.000001	0.000001	0.194751	0.151214
ID_56	13824.000000	12598.000000	-0.000004	-0.000001	0.401750	-0.284392
ID_57	13840.000000	14328.000000	0.000001	0.000000	0.214224	0.046589
ID_58	13856.000000	14384.000000	0.000000	-0.000001	-0.061499	-0.089854
ID_59	13856.000000	13190.000000	0.000003	0.000000	0.403247	0.040122
ID_60	13872.000000	12765.000000	0.000003	0.000000	0.515241	0.018747
ID_61	13888.000000	14753.000000	0.000000	0.000002	0.042146	0.387446
ID_62	13888.000000	14766.000000	0.000001	-0.000003	0.202846	-0.419222
ID_63	13904.000000	14578.000000	0.000002	0.000000	0.383581	0.015077
ID_64	13920.000000	14886.000000	0.000002	-0.000002	-0.288417	-0.273939
ID_65	13968.000000	12496.000000	0.000003	0.000003	-0.213851	0.552346
ID_66	14064.000000	13471.000000	0.000003	0.000000	-0.354113	0.084462
ID_67	14080.000000	14099.000000	-0.000003	0.000001	-0.489939	0.144564
ID_68	14112.000000	14354.000000	-0.000001	-0.000001	0.065837	-0.109752
ID_69	14144.000000	12118.000000	0.000004	-0.000000	0.576296	-0.057747
ID_70	14160.000000	12121.000000	-0.000000	0.000001	-0.035475	0.099780
ID_71	14208.000000	13202.000000	-0.000004	0.000002	-0.626664	0.241073
ID_72	14208.000000	14167.000000	0.000000	-0.000003	0.011005	-0.520394
ID_73	14224.000000	14120.000000	-0.000000	-0.000003	-0.046126	-0.541433
ID_74	14272.000000	14155.000000	-0.000004	0.000002	0.496003	0.183831
ID_75	14272.000000	13627.000000	0.000000	0.000002	0.035343	0.306947
ID_76	14272.000000	12567.000000	0.000001	0.000001	0.161245	0.149119
ID_77	14320.000000	12663.000000	-0.000004	-0.000001	0.376078	-0.264937
ID_78	14384.000000	13160.000000	-0.000004	0.000003	0.512724	0.278977
ID_79	14512.000000	14467.000000	0.000002	0.000001	0.306017	0.191049
ID_80	14608.000000	12954.000000	-0.000001	-0.000003	-0.127389	-0.440059
ID_81	14656.000000	12375.000000	0.000000	-0.000000	-0.063886	-0.053699
ID_82	14832.000000	13628.000000	0.000003	0.000000	-0.388254	0.142519
ID_83	14832.000000	13836.000000	0.000002	0.000000	-0.238170	0.130876
ID_84	14896.000000	14718.000000	-0.000003	0.000001	0.368949	0.064161
ID_85	14944.000000	14301.000000	0.000003	0.000001	-0.375425	0.200918
ID_86	14992.000000	14432.000000	-0.000000	0.000000	0.052998	0.031342
ID_87	14992.000000	12199.000000	0.000001	0.000000	0.199656	0.074443
ID_88	15008.000000	12768.000000	-0.000002	-0.000000	0.235272	-0.106807
ID_89	15008.000000	13268.000000	0.000001	-0.000002	-0.219098	-0.303498
ID_90	15008.000000	13256.000000	-0.000001	-0.000003	0.016847	-0.491946
ID_91	15024.000000	12765.000000	-0.000001	0.000003	0.198170	0.499720
ID_92	15072.000000	14328.000000	0.000001	-0.000001	-0.165900	-0.127565
ID_93	15104.000000	12507.000000	-0.000003	0.000001	0.348219	0.024391
ID_94	15200.000000	12553.000000	-0.000002	0.000002	0.270891	0.231615
ID_95	15216.000000	14680.000000	0.000001	-0.000002	-0.192305	-0.298504
ID_96	15360.000000	14371.000000	0.000001	0.000002	0.088590	0.353819
ID_97	15360.000000	14446.000000	-0.000004	0.000000	-0.627077	0.011939
ID_98	15392.000000	12632.000000	0.000002	0.000002	0.287774	0.265887
ID_99	15424.000000	14488.000000	-0.000002	0.000001	0.328891	0.111753
ID_100	15472.000000	14259.000000	-0.000001	-0.000003	-0.194907	-0.512538
ID_101	15504.000000	12708.000000	0.000002	0.000001	0.255532	0.152674
ID_102	15536.000000	14143.000000	0.000004	-0.000001	-0.460287	-0.059612
ID_103	15584.000000	14218.000000	0.000003	-0.000001	-0.381507	-0.030093
ID_104	15600.000000	14265.000000	-0.000002	-0.000002	0.108232	-0.348041
ID_105	15616.000000	12566.000000	0.000001	-0.000000	0.209497	-0.008214
ID_106	15664.000000	13918.000000	0.000000	-0.000001	0.019886	-0.176811
ID_107	15712.000000	12526.000000	0.000004	0.000001	-0.438278	0.297343
ID_108	15744.000000	12984.000000	-0.000001	-0.000001	-0.082655	-0.103665
ID_109	15760.000000	13529.000000	0.000003	-0.000001	0.418901	-0.188428
ID_110	15776.000000	12533.000000	-0.000003	0.000001	0.346920	0.154318
ID_111	15776.000000	14014.000000	0.000001	-0.000000	0.156653	-0.027256
ID_112	15808.000000	13341.000000	-0.000002	-0.000001	0.161710	-0.168236
ID_113	15824.000000	14050.000000	0.000001	0.000000	0.191620	0.077014
ID_114	15888.000000	12070.000000	0.000001	-0.000001	-0.161092	-0.066033
ID_115	15888.000000	14657.000000	-0.000004	-0.000001	-0.680419	-0.196670
ID_116	15904.000000	14206.000000	-0.000001	-0.000001	0.123475	-0.109079
ID_117	15920.000000	14213.000000	-0.000001	-0.000000	-0.186742	-0.010223
ID_118	15936.000000	13932.000000	0.000001	0.000002	-0.042628	0.335513
ID_119	15984.000000	13872.000000	-0.000001	-0.000002	0.052871	-0.257005
ID_120	16000.000000	13875.000000	-0.000001	0.000002	-0.085303	0.263661
ID_121	16032.000000	14637.000000	-0.000003	-0.000000	-0.484311	-0.011807
ID_122	16096.000000	13889.000000	-0.000001	0.000003	-0.139665	0.427074
ID_123	16144.000000	13385.000000	-0.000001	0.000003	-0.089369	0.401490
ID_124	16176.000000	14877.000000	0.000001	-0.000000	0.134040	-0.008005
ID_125	16192.000000	12827.000000	0.000003	0.000002	0.489142	0.253787
ID_126	16208.000000	13803.000000	-0.000000	-0.000003	-0.093471	-0.453118
ID_127	16224.000000	14594.000000	0.000001	0.000003	0.191581	0.397343
ID_128	16240.000000	13181.000000	-0.000001	0.000002	-0.095016	0.366523
ID_129	16240.000000	13514.000000	-0.000000	-0.000003	-0.050057	-0.407315
ID_130	16288.000000	12418.000000	0.000001	0.000001	-0.071915	0.125461
ID_131	16288.000000	12892.000000	-0.000002	-0.000002	0.124140	-0.304386
ID_132	16288.000000	13271.000000	0.000001	-0.000003	0.152984	-0.410057
errlon(°):	MAX	MIN	RMS
0.000007	0.000000	0.000002
errlat(°):	MAX	MIN	RMS
0.000005	0.000000	0.000002
errx(像素):	MAX	MIN	RMS
0.915246	0.001065	0.325771
erry(像素):	MAX	MIN	RMS
0.726047	0.000232	0.290378
平面精度(像素):	0.436401